dNdeta_AuAu200_0_5_cen[0 0.3]
1484.249
3180.189
867.513
49.969
542.075
979.558
975.793
453.934
1567.746
385.942
826.621
985.734
1266.294
1699.358
1478.66
3993.005
2424.002
1501.301
234.026
148.148
1376.453
2012.313
35.474
966.881
1016.233
1227.688
167.493
2035.309
1183.627
520.997
1704.51
1504.48
231.74
114.139
1451.358
1536.553
487.49
3097.474
3354.989
2539.098
2342.239
555.918
4214.208
806.662
1117.893
1018.373
216.51
1677.468
277.39
1831.979
204.955
1045.279
2844.445
2084.227
2245.816
145.752
79.101
127.724
387.539
1048.083
580.642
1604.16
1531.208
2684.134
3054.867
1123.208
2269.769
475.71
340.76
3344.571
1752.969
553.249
303.281
723.59
1299.883
873.161
888.689
1653.856
1901.567
2304.747
105.514
922.72
1822.39
1997.435
749.235
674.645
1032.735
1241.892
2130.101
1167.358
1023.873
3370.158
856.821
356.396
943.708
637.735
1065.874
1557.722
646.009
510.378
3357.825
1387.399
195.078
968.11
135.804
468.282
1404.373
3001.266
275.465
1301.802
371.356
55.968
1321.145
1096.606
1308.642
460.497
571.871
695.973
383.658
196.201
779.026
237.065
950.105
267.707
1513.446
1076.704
1174.903
2640.743
1728.557
457.618
1009.734
540.519
929.686
624.381
482.539
776.196
1537.506
3852.352
2668.007
443.048
414.412
120.431
2316.657
576.818
1130.998
736.661
181.843
1114.64
1630.53
3068.115
157.098
1939.136
2570.194
3013.5
988.388
273.651
763.847
824.674
1723.091
1949.217
793.271
2872.712
937.657
1626.974
22.008
717.318
137.989
2559.757
913.793
1952.497
1909.079
1272.372
2352.738
43.04
308.569
684.847
1312.598
565.702
1331.62
493.81
512.483
729.522
3581.201
1328.142
779.331
77.392
18.241
2026.289
1605.61
559.793
782.932
1621.836
1580.887
1386.329
3799.233
877.987
184.817
915.896
1047.863
3482.52
478.739
1046.799
1077.877
626.756
2015.5
1413.706
815.236
71.078
540.224
1692.712
677.776
130.839
1439.78
477.44
678.812
1804.26
2057.491
653.121
4166.643
416.902
1112.987
1320.737
1696.752
616.18
1068.984
502.157
1086.528
1789.381
1867.222
110.639
246.448
786.411
2326.993
1700.712
401.986
4007.251
292.786
1010.835
1318.509
633.116
2120.178
2198.262
2402.697
1055.008
3590.021
486.811
724.422
1639.209
150.185
1330.103
2584.968
1591.869
1252.891
1128.673
199.522
266.921
1543.874
1960.063
2397.26
89.875
974.397
646.889
386.551
650.292
864.195
294.681
48.011
192.616
151.921
1475.741
2604.136
91.529
619.046
152.648
1519.476
2063.789
1126.928
2568.539
592.566
1128.38
440.568
407.058
1165.978
907.353
761.007
2084.933
801.639
1535.368
859.68
893.623
641.262
2020.112
1765.384
2338.147
172.416
2755.618
3669.973
543.873
1864.934
132.764
2893.225
378.535
1233.738
1889.041
2586.187
787.083
1315.058
1026.67
160.669
91.967
1506.014
573.77
2704.181
2436.585
1644.896
587.775
812.141
1254.421
493.348
563.737
2856.3
394.845
327.218
886.193
567.994
1284.056
2292.139
874.686
2537.368
802.697
955.322
637.534
735.083
1455.943
853.532
620.281
947.66
3525.074
613.756
1783.585
863.812
1030.36
1888.689
2381.061
1286.697
883.57
118.741
238.982
2746.983
610.694
1056.372
1352.666
525.64
436.417
660.117
1173.591
188.528
1386.55
261.037
663.853
2969.01
1000.967
212.249
990.535
1121.249
327.969
614.617
2055.107
1339.053
132.832
2052.42
636.581
980.616
2857.071
1615.852