dNdeta_dAu200_0_20_cen[0.0 0.2]
48.321
89.915
30.297
2.215
16.166
25.788
36.132
17.167
35.362
15.206
21.029
23.235
39.524
49.235
45.419
137.348
68.327
44.999
7.097
6.107
44.854
57.489
0.561
24.693
24.348
41.851
4.641
58.126
29.413
12.984
46.804
33.576
11.219
2.587
44.283
44.875
17.696
90.335
103.958
68.378
70.129
14.648
153.684
26.162
38.109
37.917
6.484
61.722
9.935
49.911
5.828
29.916
76.039
58.444
86.38
6.062
1.851
4.735
15.496
31.389
17.458
45.338
40.913
79.491
94.271
36.813
51.814
14.141
11.268
109.972
69.548
19.04
12.412
29.72
38.977
22.864
42.461
42.428
52.277
72.433
3.428
31.764
47.056
88.399
17.191
16.488
32.072
35.605
52.045
32.668
27.929
98.193
32.362
12.184
25.203
24.023
32.803
45.876
21.939
18.645
101.892
40.553
7.223
28.389
4.177
13.27
40.21
133.325
8.718
42.625
10.023
1.547
33.837
25.921
35.209
18.311
20.637
23.485
14.185
5.244
18.811
8.466
25.557
7.645
35.536
29.887
30.816
77.886
45.513
13.928
30.805
20.266
27.968
16.481
16.447
22.827
43.043
116.413
67.788
14.066
10.541
3.564
58.806
20.139
28.978
35.544
5.966
27.183
62.875
90.331
5.015
69.471
71.97
88.609
29.652
8.33
21.559
22.477
55.363
60.385
28.305
88.203
32.933
45.735
0.826
21.254
3.805
78.051
23.944
55.923
63.038
33.328
72.199
1.492
7.958
20.921
39.365
17.16
33.618
13.98
17.259
20.16
144.9
36.486
25.293
2.842
0.518
53.625
39.631
14.404
25.932
53.299
42.116
39.405
106.01
19.54
5.356
22.986
28.166
99.239
16.21
33.108
32.479
23.926
62.104
34.871
26.946
2.323
20.187
51.715
20.93
4.2
44.474
12.237
26.174
53.532
52.32
19.756
128.648
14.388
31.784
49.677
41.719
20.198
37.42
17.713
30.593
49.398
53.709
6.33
8.253
20.503
67.046
69.702
10.342
138.345
8.326
31.913
37.179
25.62
65.937
55.21
81.309
36.192
134.972
13.887
22.53
45.858
4.809
44.194
71.966
49.399
41.122
30.206
6.29
9.636
52.778
50.671
62.961
2.899
29.058
20.246
15.376
24.779
23.494
7.769
1.334
6.207
5.15
41.921
78.307
2.703
17.214
3.524
38.66
59.443
31.382
68.818
20.261
35.378
13.85
11.105
29.289
21.527
20.369
69.32
22.959
46.377
27.094
22.535
14.139
52.993
44.082
87.362
5.376
80.214
105.223
16.903
66.982
5.129
83.999
12.344
33.188
46.951
71.819
24.733
36.666
25.58
5.455
2.915
47.892
16.879
74.632
80.524
43.811
24.074
19.407
45.267
16.733
19.204
81.478
11.155
13.319
27.674
17.723
29.595
84.527
20.08
106.486
27.186
38.465
20.346
17.668
35.224
32.107
24.073
27.219
111.997
19.932
78.673
24.428
27.592
48.497
72.782
34.988
24.213
4.837
9.523
92.825
24.454
31.714
32.329
15.553
13.621
18.738
34.538
6.972
37.001
8.295
17.969
86.419
32.453
7.425
22.441
30.394
11.718
22.817
49.844
39.523
5.046
53.097
14.921
28.419
85.85
45.66