ylossParam4At2,ylossParam4At4,ylossParam4At6,ylossParam4var,remnant_energy_loss_fraction,shadowing_factor,tau_form_mean,BG,string_source_sigma_x,string_source_sigma_eta,stringTransverseShiftFrac,shear_viscosity_3_eta_over_s_T_kink_in_GeV,shear_viscosity_3_eta_over_s_low_T_slope_in_GeV,shear_viscosity_3_eta_over_s_high_T_slope_in_GeV,shear_viscosity_3_eta_over_s_at_kink,bulk_viscosity_3_zeta_over_s_max,bulk_viscosity_3_zeta_over_s_T_peak_in_GeV,bulk_viscosity_3_zeta_over_s_width_in_GeV,bulk_viscosity_3_zeta_over_s_lambda_asymm,eps_switch
0.002,2.604,2.922,0.943,0.899,0.419,0.4616,12.465,0.3828,0.2673,0.887,0.18457,-1.217,1.493,0.13825,0.12343,0.22746,0.10762,0.3438,0.1415
1.242,3.9,5.07,0.131,0.267,0.795,0.804,20.377,0.3476,0.6985,0.411,0.19443,-1.799,-0.613,0.04781,0.03185,0.29658,0.07162,-0.1994,0.3725
1.97,3.748,0.666,0.041,0.493,0.963,0.54,4.001,0.4532,0.4157,0.121,0.28181,-1.007,0.467,0.17511,0.09303,0.15114,0.03862,0.4418,0.4735
0.49,0.316,0.21,0.827,0.261,0.049,0.22,23.873,0.1604,0.5627,0.437,0.27671,0.577,1.943,0.02767,0.16067,0.18426,0.06212,0.3494,0.2755
1.806,2.372,0.27,0.407,0.809,0.243,0.9816,23.551,0.3012,0.3233,0.205,0.14547,0.175,-0.229,0.19335,0.07023,0.12558,0.13737,-0.4766,0.1325
0.522,1.324,3.558,0.697,0.655,0.593,0.8888,15.225,0.4724,0.4409,0.289,0.23319,-0.797,1.907,0.07061,0.03755,0.13494,0.12113,-0.7902,0.4245
1.698,0.108,4.338,0.965,0.595,0.933,0.2968,6.025,0.2132,0.7027,0.693,0.24305,0.619,-0.097,0.14965,0.18195,0.19902,0.14963,-0.2666,0.3645
0.302,1.708,1.914,0.861,0.021,0.889,0.4296,17.985,0.41,0.7587,0.755,0.14683,0.031,-0.709,0.17473,0.03945,0.25086,0.13487,0.0358,0.5575
0.926,2.172,3.774,0.567,0.019,0.131,0.9912,20.515,0.1004,0.3079,0.311,0.25087,0.949,0.623,0.09455,0.17359,0.25194,0.04838,0.1002,0.3835
0.594,1.972,0.834,0.285,0.983,0.495,0.3416,17.755,0.2332,0.4269,0.925,0.28249,-1.745,-0.133,0.07517,0.15611,0.25554,0.08563,-0.555,0.2285
0.89,0.556,3.93,0.255,0.333,0.159,0.2872,8.923,0.4852,0.2281,0.031,0.14275,-0.581,1.775,0.16561,0.05807,0.26022,0.14488,-0.6306,0.2865
1.646,2.916,1.098,0.351,0.619,0.069,0.9672,14.581,0.1572,0.7629,0.881,0.23761,-0.413,0.395,0.12799,0.11393,0.13062,0.08188,-0.1042,0.5835
0.362,3.692,1.614,0.687,0.091,0.907,0.8152,2.207,0.1324,0.1693,0.655,0.29949,-0.809,1.145,0.16409,0.17055,0.2163,0.07662,0.1534,0.2995
0.05,3.06,3.726,0.465,0.667,0.881,0.9144,17.847,0.2052,0.6439,0.521,0.20123,-0.035,1.811,0.19753,0.13331,0.2055,0.04038,-0.205,0.1125
1.338,1.108,4.926,0.477,0.907,0.365,0.244,5.749,0.1196,0.2953,0.705,0.14785,0.877,0.473,0.18537,0.07859,0.26814,0.08963,0.4194,0.5555
0.306,2.868,5.526,0.821,0.969,0.797,0.8664,7.359,0.4404,0.2057,0.073,0.18559,0.217,0.557,0.09987,0.07175,0.12234,0.04637,0.2878,0.2785
1.982,3.468,4.266,0.807,0.989,0.717,0.7672,15.593,0.202,0.5823,0.973,0.25155,-0.125,-0.685,0.10975,0.17663,0.28542,0.02913,0.4362,0.1755
1.166,0.3,5.358,0.539,0.255,0.645,0.5192,15.869,0.4316,0.1959,0.063,0.26277,-1.913,-0.127,0.18917,0.15725,0.19542,0.03213,0.0834,0.1875
1.51,0.58,1.794,0.213,0.005,0.347,0.8616,11.407,0.1636,0.4815,0.961,0.19885,-0.701,1.457,0.06757,0.13787,0.28146,0.13287,-0.681,0.1465
0.414,1.516,0.15,0.243,0.511,0.623,0.3864,14.213,0.3148,0.5179,0.717,0.22707,0.007,0.491,0.01513,0.18309,0.2883,0.03288,-0.7426,0.5615
1.106,3.372,3.87,0.027,0.479,0.389,0.308,22.677,0.4116,0.5921,0.105,0.28623,-1.445,-0.415,0.06909,0.04173,0.26382,0.13762,0.1114,0.1555
1.434,1.78,5.43,0.623,0.167,0.997,0.716,13.431,0.3132,0.7713,0.015,0.14241,-0.503,0.113,0.08695,0.15003,0.29478,0.04387,-0.0706,0.5205
0.222,0.012,0.306,0.103,0.763,0.011,0.4648,3.679,0.2996,0.3695,0.769,0.15499,0.235,-0.757,0.10139,0.16637,0.2397,0.11688,0.5258,0.4475
0.434,2.964,1.806,0.489,0.837,0.249,0.8792,12.649,0.1676,0.5641,0.135,0.26379,-1.457,-0.523,0.18119,0.09949,0.19146,0.02513,0.593,0.3715
1.978,1.54,3.654,0.823,0.339,0.833,0.3384,12.005,0.21,0.3205,0.181,0.15329,0.697,1.337,0.14015,0.01513,0.27822,0.11863,0.1954,0.5185
1.798,2.988,3.066,0.497,0.823,0.675,0.2824,21.205,0.4332,0.7069,0.211,0.24271,-1.247,1.979,0.10443,0.19525,0.29514,0.06388,-0.401,0.2375
0.638,0.14,2.118,0.141,0.583,0.215,0.724,15.639,0.126,0.7363,0.227,0.23863,0.391,1.487,0.03489,0.19867,0.22566,0.04088,-0.5074,0.1615
1.418,0.644,5.778,0.087,0.565,0.739,0.8216,8.877,0.4476,0.6593,0.773,0.13119,-1.769,1.913,0.13521,0.07897,0.15546,0.08163,-0.3674,0.1425
1.874,0.868,3.762,0.929,0.129,0.151,0.8312,16.375,0.2108,0.4521,0.733,0.17709,-0.263,-0.667,0.18575,0.11963,0.12954,0.09937,-0.5438,0.2745
1.098,2.116,1.218,0.139,0.519,0.165,0.4984,11.545,0.3964,0.3289,0.647,0.20395,-0.299,1.967,0.07023,0.01019,0.12882,0.05288,0.3382,0.2425
0.034,1.748,5.058,0.289,0.099,0.043,0.532,21.527,0.2532,0.6019,0.501,0.29065,-1.661,0.905,0.11811,0.05009,0.2001,0.03638,-0.6082,0.5505
0.958,3.86,2.058,0.267,0.251,0.373,0.9512,18.859,0.1484,0.1133,0.219,0.26141,-1.397,1.799,0.13977,0.02691,0.15726,0.10587,0.033,0.5705
1.422,0.324,2.334,0.423,0.671,0.975,0.42,19.365,0.1652,0.2211,0.561,0.25835,0.667,0.677,0.08581,0.06567,0.22134,0.02863,-0.6418,0.2365
0.566,0.42,0.786,0.707,0.257,0.107,0.7848,24.379,0.2068,0.5151,0.937,0.21585,-1.229,0.257,0.18347,0.05389,0.29298,0.14413,0.4978,0.5715
0.09,1.404,4.158,0.615,0.999,0.541,0.964,5.611,0.4108,0.1329,0.533,0.22639,-0.737,-0.631,0.11583,0.08505,0.24078,0.07637,0.0302,0.1545
0.126,3.612,2.418,0.171,0.859,0.607,0.94,5.473,0.3364,0.5053,0.143,0.13901,0.601,1.619,0.06301,0.15497,0.16806,0.14438,-0.5466,0.2315
0.898,2.892,0.258,0.811,0.455,0.981,0.5448,11.177,0.2684,0.7461,0.401,0.29847,0.409,1.247,0.15117,0.06491,0.1263,0.07462,-0.2442,0.3925
0.722,2.244,5.478,0.691,0.693,0.309,0.764,20.147,0.1988,0.3331,0.055,0.28793,-0.491,0.893,0.19791,0.12381,0.1245,0.11038,0.4474,0.4755
0.702,2.788,5.274,0.991,0.517,0.099,0.6296,17.617,0.47,0.5389,0.393,0.15465,-1.067,1.043,0.10253,0.17929,0.18354,0.10837,-0.4374,0.5595
1.974,2.204,5.382,0.745,0.053,0.559,0.7768,4.691,0.3228,0.3639,0.911,0.28487,-1.703,-0.493,0.16675,0.05313,0.23646,0.04863,-0.4934,0.3795
1.198,3.812,3.75,0.789,0.093,0.773,0.9176,15.777,0.4908,0.6243,0.455,0.25359,0.553,-0.451,0.01361,0.11659,0.1569,0.13437,0.2794,0.4445
0.258,1.116,2.778,0.225,0.933,0.527,0.844,24.977,0.4484,0.4997,0.353,0.17097,-1.607,0.593,0.16713,0.18119,0.25374,0.08213,-0.107,0.3995
0.914,3.7,5.814,0.629,0.873,0.887,0.5064,3.403,0.3428,0.3093,0.725,0.23795,-0.533,1.013,0.11431,0.04325,0.15222,0.11888,-0.3534,0.4905
1.79,3.308,0.87,0.695,0.451,0.899,0.6184,10.763,0.4452,0.2883,0.323,0.24441,-0.251,0.833,0.04971,0.13939,0.27426,0.14088,0.5202,0.5775
0.422,3.508,1.482,0.429,0.157,0.599,0.6632,6.485,0.4764,0.7741,0.267,0.16179,0.823,1.019,0.13635,0.18347,0.15006,0.05588,0.3914,0.4655
0.718,2.564,3.366,0.249,0.525,0.349,0.2216,19.319,0.2764,0.1735,0.719,0.27229,0.919,-0.727,0.11355,0.15269,0.13026,0.12513,-0.0874,0.2505
1.234,1.436,0.51,0.005,0.657,0.197,0.4184,7.037,0.318,0.5585,0.457,0.28963,0.757,0.917,0.18955,0.09493,0.29262,0.06087,0.1058,0.3285
1.846,2.276,4.422,0.631,0.463,0.333,0.4344,20.331,0.134,0.6145,0.903,0.14173,0.361,-0.205,0.11659,0.19905,0.1857,0.05063,-0.6838,0.4555
0.962,1.244,1.014,0.985,0.759,0.983,0.8248,5.565,0.3124,0.1385,0.001,0.20667,-1.319,0.989,0.03603,0.16181,0.25338,0.06438,0.3046,0.3455
0.762,0.804,5.466,0.881,0.153,0.567,0.8104,17.479,0.4196,0.6523,0.847,0.26447,0.793,1.649,0.15839,0.02007,0.2775,0.12937,-0.191,0.2455
0.33,0.084,2.826,0.295,0.037,0.691,0.4328,20.009,0.3028,0.7671,0.027,0.27535,-0.227,0.209,0.04097,0.09379,0.26526,0.03538,0.4866,0.1975
1.17,3.284,1.986,0.561,0.309,0.291,0.5256,4.553,0.1292,0.7699,0.803,0.29439,-0.377,-0.991,0.18841,0.06719,0.24906,0.11663,-0.5242,0.3095
1.346,1.948,5.898,0.503,0.265,0.965,0.988,17.709,0.214,0.4983,0.819,0.28725,0.163,0.383,0.04553,0.03033,0.23574,0.03138,0.4502,0.5385
1.954,1.292,5.454,0.675,0.535,0.245,0.596,22.355,0.4988,0.4451,0.463,0.23115,-1.577,0.323,0.10633,0.12609,0.20694,0.05763,0.5566,0.2225
1.446,3.1,4.758,0.053,0.903,0.857,0.4584,24.241,0.1132,0.5333,0.275,0.27773,-0.569,-0.301,0.03337,0.13027,0.16014,0.05713,-0.1826,0.2715
0.37,0.052,1.446,0.857,0.125,0.225,0.3,14.167,0.3764,0.5291,0.179,0.13017,-0.269,1.997,0.08201,0.10937,0.21594,0.11763,0.2458,0.1165
0.106,0.444,0.426,0.425,0.587,0.065,0.2648,10.349,0.3836,0.5697,0.057,0.27127,-1.997,1.349,0.09721,0.04021,0.2505,0.06788,-0.4654,0.4195
1.642,0.852,0.57,0.579,0.307,0.755,0.7128,20.653,0.4132,0.3667,0.975,0.25427,-1.643,1.901,0.01893,0.13673,0.29766,0.03763,0.3858,0.2915
0.642,2.452,0.402,0.879,0.949,0.973,0.4712,5.151,0.4428,0.4465,0.671,0.17845,0.661,-0.979,0.03413,0.10367,0.26454,0.03188,0.2178,0.5135
0.866,0.524,4.47,0.347,0.591,0.883,0.6904,23.229,0.3596,0.3345,0.271,0.14649,0.829,1.067,0.01437,0.16409,0.27534,0.14263,-0.0286,0.1445
1.562,1.86,1.062,0.523,0.303,0.205,0.5528,10.901,0.2948,0.1455,0.377,0.19307,0.883,1.823,0.17549,0.16789,0.24762,0.14613,0.173,0.1365
0.038,3.22,2.754,0.947,0.401,0.085,0.6472,5.105,0.4892,0.4325,0.183,0.23047,0.169,-0.607,0.06073,0.17321,0.2235,0.13362,0.5874,0.1115
1.726,1.188,4.578,0.971,0.397,0.357,0.7112,2.713,0.4884,0.1679,0.541,0.26243,-0.935,1.175,0.05617,0.03565,0.1335,0.04587,0.1366,0.2035
0.714,2.716,4.89,0.935,0.169,0.871,0.9304,18.169,0.11,0.2561,0.839,0.19171,-1.625,-0.481,0.06795,0.16447,0.19578,0.08463,-0.7818,0.3935
0.274,1.908,5.85,0.635,0.491,0.731,0.6696,12.419,0.4804,0.1427,0.935,0.22537,-1.373,0.431,0.14547,0.18955,0.26418,0.13912,0.0806,0.4525
0.15,1.156,4.17,0.099,0.801,0.971,0.3048,13.385,0.2772,0.1609,0.665,0.14887,-1.499,1.787,0.06035,0.13293,0.1911,0.10812,-0.3506,0.4705
0.314,3.124,4.41,0.151,0.829,0.501,0.9416,10.027,0.1228,0.5445,0.985,0.15057,-0.587,0.977,0.17131,0.03071,0.21414,0.04113,0.2318,0.5455
0.174,0.98,2.682,0.413,0.145,0.863,0.8808,15.363,0.1268,0.3499,0.753,0.13629,0.517,1.421,0.01209,0.12761,0.18318,0.02638,0.0862,0.3195
0.146,1.444,1.818,0.793,0.415,0.637,0.2568,8.693,0.4188,0.6215,0.321,0.21109,0.487,-0.337,0.10595,0.03527,0.27138,0.02538,0.5062,0.2135
1.734,3.244,5.802,0.323,0.319,0.583,0.5496,21.941,0.246,0.7895,0.123,0.23183,0.247,-0.079,0.06491,0.08201,0.1317,0.12163,-0.009,0.2445
0.25,1.076,5.862,0.507,0.513,0.391,0.4248,9.337,0.2404,0.2967,0.195,0.19851,-0.743,-0.223,0.02577,0.16219,0.18858,0.03837,-0.5718,0.1205
1.358,2.196,1.506,0.197,0.431,0.117,0.2632,13.799,0.3252,0.1833,0.047,0.17199,0.379,-0.781,0.03679,0.17549,0.19398,0.09363,-0.6978,0.3405
1.75,2.164,0.318,0.271,0.421,0.573,0.2456,17.065,0.466,0.6705,0.701,0.24509,-1.091,0.335,0.19031,0.06035,0.16914,0.07012,0.5958,0.3565
0.738,2.94,1.026,0.795,0.987,0.961,0.908,4.783,0.1956,0.7965,0.381,0.14105,-1.145,-0.313,0.01969,0.19487,0.16878,0.09013,-0.6754,0.2775
0.69,3.14,3.582,0.601,0.269,0.977,0.3064,9.245,0.3684,0.4871,0.703,0.21313,-1.931,0.923,0.07213,0.07973,0.24726,0.03588,-0.5046,0.1685
