dNdeta_He3Au200_0_5_cen_midrapidity
75.12901
130.95892
46.91658
3.72587
26.07692
39.12348
55.12391
27.30656
54.35601
25.23556
32.38141
37.01157
59.78025
73.09881
73.90831
212.67455
107.83457
69.58832
11.7708
9.51125
67.10343
86.58941
1.0197
40.2384
41.79008
63.8112
7.62675
80.50056
50.69636
21.56177
69.24865
51.709
18.27477
4.2604
69.59236
68.09822
30.08731
132.99294
144.47048
100.25675
106.93941
23.28111
233.77494
39.90853
58.9604
55.69244
10.43568
89.19625
16.18242
80.34183
9.3611
44.22109
116.77586
87.34613
126.5897
11.9827
3.05735
7.7135
24.69661
51.72175
28.25455
65.88362
60.83196
116.78072
140.67908
56.62102
80.01365
22.49643
18.40734
159.42361
97.44247
29.95514
20.05053
46.82816
58.21799
