dNdeta_He3Au200_0_5_cen_midrapidity, dNdeta_He3Au200_5_10_cen_midrapidity, dNdeta_He3Au200_10_20_cen_midrapidity, dNdeta_He3Au200_20_30_cen_midrapidity, dNdeta_He3Au200_30_40_cen_midrapidity, dNdeta_He3Au200_40_50_cen_midrapidity, dNdeta_He3Au200_50_60_cen_midrapidity, dNdeta_He3Au200_60_70_cen_midrapidity
75.12901,68.51309,60.63381,58.12489,48.20149,40.38458,32.77461,25.20026,
130.95892,132.51979,121.74443,117.46253,104.40555,84.87861,67.46424,54.43099,
46.91658,43.25031,39.64431,35.89147,29.23694,24.13123,17.4538,13.363,
3.72587,2.54262,1.98633,1.62812,1.29195,0.96458,0.71972,0.45302,
26.07692,23.28788,20.3766,16.8066,13.3777,10.18059,8.10786,5.66109,
39.12348,35.31648,34.61198,30.22385,26.73596,23.21462,17.98566,13.84502,
55.12391,50.16633,48.33091,42.14489,37.95386,31.05211,25.2189,19.07744,
27.30656,24.05267,20.55591,18.16456,15.11059,11.92203,9.27068,6.45735,
54.35601,53.10203,49.2468,46.61511,42.47832,34.87537,28.94515,23.00648,
25.23556,21.50607,19.13823,16.18685,12.86234,10.43186,7.88006,5.38956,
32.38141,30.48265,28.69219,26.17148,23.64026,20.09443,16.00447,12.26179,
37.01157,33.9448,31.49215,27.62554,22.61501,17.30645,12.76705,8.74844,
59.78025,54.25927,54.74047,48.46395,40.79215,35.69515,25.71032,18.8908,
73.09881,69.52127,68.40197,62.00116,55.29984,43.14408,36.2569,29.56356,
73.90831,67.31073,63.14517,54.84461,48.1454,39.7627,30.81701,24.98877,
212.67455,200.78265,188.87986,172.62015,148.18758,117.41406,91.99481,67.11728,
107.83457,101.33705,92.75281,82.10434,70.13748,62.02786,42.9012,31.7525,
69.58832,64.87548,60.29513,58.62556,50.29912,42.92489,35.32054,24.95884,
11.7708,10.34773,9.39565,8.10772,6.84375,5.4371,4.10493,3.01154,
9.51125,7.8835,7.09115,5.92394,4.74516,3.5486,2.72383,1.92532,
67.10343,64.88835,61.8011,57.84363,50.03794,43.41768,36.13086,27.31397,
86.58941,84.34316,80.51068,73.23845,64.49496,53.14055,46.11744,38.08082,
1.0197,0.87371,0.72628,0.59607,0.48665,0.37067,0.27517,0.18711,
40.2384,37.50517,33.7815,30.10311,25.83601,22.13039,15.24542,12.0061,
41.79008,37.90535,35.33103,31.97628,26.67168,22.55753,17.51104,12.49683,
63.8112,59.28348,55.40938,47.91213,42.325,34.40368,28.10215,22.09047,
7.62675,6.91191,6.16031,5.3102,4.41328,3.57626,2.86061,2.212,
80.50056,83.58526,75.64736,77.63402,67.88934,57.32535,44.4189,36.09187,
50.69636,45.21622,41.90007,39.90692,36.06537,29.20886,24.05666,18.38646,
21.56177,20.09002,17.50049,14.78006,12.27505,9.60448,6.75016,4.90841,
69.24865,70.5914,67.64856,62.36843,55.84869,47.30987,40.48395,31.24673,
51.709,50.78248,46.76997,44.94712,37.83483,31.59479,24.32594,19.19076,
18.27477,16.09471,13.73709,11.22773,9.67357,7.7663,5.22933,3.76787,
4.2604,3.62407,3.14329,2.52915,1.99228,1.50601,1.12314,0.84463,
69.59236,65.19827,59.14583,53.84631,45.44046,39.90603,30.13608,24.00146,
68.09822,63.2211,56.52213,51.66417,45.40741,38.22583,32.80037,24.49762,
30.08731,26.20846,22.98798,19.57828,15.59893,11.66584,9.33841,6.09381,
132.99294,127.77308,120.84431,116.06397,104.52952,85.7805,70.32389,49.31774,
144.47048,146.69955,138.45841,128.99859,124.4386,97.93148,86.23954,65.88127,
100.25675,99.50715,93.08038,87.74134,79.67869,66.79116,55.21793,42.4042,
106.93941,100.71141,97.16092,92.16986,81.00956,66.50663,55.89074,41.06472,
23.28111,21.33942,19.69018,17.8119,14.97373,12.37285,9.44538,7.43506,
233.77494,214.89796,197.55404,178.26271,157.48905,135.7338,107.41175,78.96579,
39.90853,37.41809,35.59896,30.09419,27.37005,21.90456,15.25424,11.63182,
58.9604,54.74088,49.7405,45.31626,36.22206,30.68515,23.80184,17.76579,
55.69244,54.55937,50.95187,46.50577,41.59578,34.4546,27.02299,21.26871,
10.43568,9.29564,7.60776,6.36022,4.93181,3.83151,2.97707,2.09962,
89.19625,88.21593,81.37403,75.45241,71.02588,60.70295,48.36521,33.55999,
16.18242,14.36789,11.8499,9.97551,8.12061,6.04124,4.80861,3.27786,
80.34183,66.59603,67.45795,64.22827,58.86767,42.52312,37.05002,26.97679,
9.3611,8.46172,7.72462,6.68448,5.92893,4.89058,3.90428,2.70024,
44.22109,43.13424,39.79216,35.57615,30.60629,25.20025,18.26005,13.44852,
116.77586,112.03566,109.88265,100.2056,86.99249,78.21118,59.57616,46.44801,
87.34613,85.27204,81.62299,74.50306,69.19064,56.88772,42.91933,32.85708,
126.5897,122.09356,113.37873,100.18432,85.39766,70.54343,58.45007,48.08969,
11.9827,9.4053,7.82464,5.93772,4.55957,3.42295,2.3245,1.54416,
3.05735,2.72413,2.2976,1.88539,1.5509,1.18072,0.85508,0.58743,
7.7135,6.6148,5.49624,4.46841,3.38168,2.61001,2.01126,1.32065,
24.69661,23.89009,19.08393,15.98231,13.64819,10.39028,8.07062,5.71046,
51.72175,44.70616,43.82451,38.9352,37.04305,32.50142,23.30984,19.39804,
28.25455,25.01561,22.55135,19.59335,15.84291,12.03628,8.83669,6.73351,
65.88362,64.95642,61.41089,56.94707,52.30521,40.32648,34.02616,23.4081,
60.83196,58.99912,56.68637,52.39526,44.07032,37.46713,32.58131,23.95812,
116.78072,119.24184,113.22002,108.03545,92.82201,89.13787,71.12151,57.71672,
140.67908,136.78967,134.26057,117.88841,105.83433,95.97876,77.54594,55.37821,
56.62102,52.53306,49.80651,45.02924,40.58729,33.27491,26.37537,21.4102,
80.01365,77.32742,74.09391,69.20974,61.78427,53.3869,44.06631,32.25526,
22.49643,20.62599,19.19667,16.61462,13.8456,11.10424,8.39524,6.43589,
18.40734,16.26166,14.88911,12.58165,10.85506,8.82553,7.24125,5.1076,
159.42361,154.57628,149.51346,136.37944,123.13628,110.92934,91.27227,79.99349,
97.44247,92.46945,90.14448,86.11073,76.66457,62.2441,50.71207,44.84045,
29.95514,27.83204,25.45814,22.3117,18.43545,14.6989,10.95516,7.5596,
20.05053,17.04184,15.10154,12.54701,10.44718,8.1466,5.99819,3.86097,
46.82816,42.44456,38.79751,33.66433,26.98682,23.40759,18.14343,12.93671,
58.21799,57.3814,53.17566,48.04884,46.28256,37.57855,28.97028,22.56041,
